0 100
1 107
2 85
3 93
4 96
5 93
6 102
7 108
8 101
9 99
10 98
11 97
12 102
13 102
14 90
15 99
16 100
17 99
18 101
19 100
20 76
21 106
22 108
23 106
24 85
25 89
26 85
27 102
28 87
29 106
30 105
31 90
32 94
33 103
34 109
35 91
36 120
37 103
38 111
39 102
40 95
41 91
42 107
43 82
44 113
45 109
46 91
47 85
48 122
49 75
50 93
51 109
52 108
53 96
54 100
55 116
56 110
57 107
58 104
59 119
60 111
61 101
62 99
63 100
64 98
65 100
66 95
67 109
68 97
69 86
70 97
71 101
72 100
73 92
74 103
75 103
76 104
77 116
78 107
79 111
80 97
81 110
82 113
83 94
84 99
85 100
86 105
87 90
88 105
89 101
90 95
91 100
92 92
93 96
94 106
95 88
96 89
97 100
98 98
99 110
