0 107
1 146
2 75
3 65
4 65
5 78
6 77
7 68
8 80
9 81
10 101
11 102
12 92
13 66
14 64
15 54
16 58
17 60
18 65
19 60
20 106
21 80
22 94
23 90
24 51
25 56
26 62
27 70
28 71
29 57
30 42
31 87
32 100
33 99
34 83
35 57
36 72
37 52
38 52
39 69
40 63
41 59
42 78
43 88
44 70
45 100
46 74
47 65
48 60
49 68
50 62
51 64
52 59
53 82
54 86
55 88
56 85
57 57
58 59
59 86
60 53
61 55
62 58
63 51
64 104
65 96
66 96
67 96
68 54
69 68
70 59
71 42
72 66
73 67
74 57
75 101
76 99
77 86
78 99
79 80
80 81
81 79
82 74
83 70
84 71
85 67
86 107
87 104
88 115
89 102
90 96
91 97
92 100
93 72
94 90
95 84
96 87
97 137
98 136
99 147
100 119
101 89
102 84
103 98
104 91
105 78
106 84
107 71
108 135
109 147
110 150
111 119
112 115
113 88
114 81
115 75
116 89
117 103
118 107
119 104
120 103
