0 100
1 93
2 86
3 89
4 92
5 89
6 82
7 106
8 101
9 106
10 109
11 106
12 109
13 90
14 89
15 111
16 78
17 105
18 93
19 89
20 106
21 93
22 102
23 96
24 72
25 77
26 90
27 98
28 91
29 120
30 91
31 102
32 94
33 103
34 91
35 102
36 101
37 91
38 106
39 113
40 97
41 121
42 93
43 103
44 92
45 107
46 77
47 89
48 95
49 101
50 107
51 103
52 103
53 82
54 78
55 95
56 99
57 108
58 90
59 107
60 106
61 96
62 109
63 89
64 98
65 98
66 96
67 92
68 97
69 99
70 97
71 112
72 94
73 111
74 101
75 95
76 91
77 97
78 81
79 108
80 111
81 90
82 106
83 88
84 97
85 100
86 97
87 101
88 107
89 107
90 89
91 96
92 102
93 87
94 80
95 95
96 98
97 89
98 111
99 92
100 92
101 99
102 90
